1.547228842145087572e+24
2.113240839862867336e+24
2.790316434971200626e+24
3.854410845895846860e+24
5.168153646263914639e+24
6.927995005116380780e+24
9.472909267293443556e+24
1.267086764595225326e+25
1.715835391300629185e+25
2.333969880467656830e+25
3.081075752030372743e+25
4.236403179669961333e+25
5.650048127649230980e+25
7.580676259962425251e+25
1.023716663808803916e+26
1.369099153276726744e+26
1.859031327981806739e+26
2.487580938655706649e+26
3.281111400241803852e+26
4.505050362550452052e+26
6.043920991842203622e+26
8.156568563515170038e+26
1.092712180091628456e+27
1.463546438595218522e+27
1.979181782319066269e+27
2.670981724582268679e+27
3.679031794042965994e+27
5.114827464393959587e+27
7.314337567841772343e+27
1.053790465632223615e+28
1.524114919364992475e+28
2.202439201631799006e+28
3.194686716333958746e+28
4.577322190960054889e+28
6.486798625753592124e+28
9.138010747184092780e+28
1.272869114087258347e+29
1.764962106106112640e+29
2.412404757651143524e+29
3.290739302197302664e+29
4.462178377370481293e+29
6.022544911548579824e+29
8.118800963059783982e+29
1.094165259636046779e+30
1.471539914817638994e+30
1.981163832062616759e+30
2.663663198631378460e+30
3.580183322590402097e+30
4.813325620889740715e+30
6.473240409146381268e+30
8.703488554924587797e+30
1.170768567334738387e+31
1.573686059199358099e+31
2.117416243518401746e+31
2.847186748475165907e+31
3.828450860617523461e+31
5.149214199811997472e+31
6.923834435304433587e+31
9.308985924583355213e+31
1.251865429767029349e+32
1.683453595446565315e+32
2.264041842808229344e+32
3.044585233095303947e+32
4.093983088891838813e+32
5.505814320142200336e+32
7.404495162490117680e+32
9.957725767072739260e+32
1.339117025462967802e+33
1.800644480154969770e+33
2.421492798896660838e+33
3.256210053007688110e+33
4.378714127232831144e+33
5.888224061896572284e+33
7.917982156233028931e+33
1.064800549177256548e+34
1.431912626973970700e+34
1.925593564428029052e+34
2.589392182681670660e+34
3.482202681259766152e+34
4.682695125946279467e+34
6.296993983205094059e+34
8.467925573161036415e+34
1.138734312042156324e+35
1.531310819714436439e+35
2.059252308539629335e+35
2.769167781864407816e+35
3.723890944791978552e+35
5.007669134291235151e+35
6.734126166182434734e+35
9.055733315479969101e+35
1.217768689462261566e+36
1.637596758193200588e+36
2.202175877097342623e+36
2.961393065424572250e+36
3.982325878170331288e+36
5.355296187354306495e+36
7.201551142872659831e+36
9.684343668239777598e+36
1.302303674241564223e+37
1.751276798913470973e+37
2.355041517512116023e+37
3.166952693077081046e+37
4.258773506865031607e+37
5.727009467276441551e+37
7.701436940564832568e+37
1.035653977560950628e+38
1.392699821830413077e+38
1.872841644354288919e+38
2.518513189920247815e+38
3.386782866609460433e+38
4.554395136028868654e+38
6.124548144969236634e+38
8.236012745916919860e+38
1.107542304079907315e+39
1.489373019753482510e+39
2.002841834460406559e+39
2.693332765772819144e+39
3.621872940023033965e+39
4.870531299264184036e+39
6.549672087606758455e+39
8.807705206352526634e+39
1.184420912244665204e+40
1.592755987716967016e+40
2.141866583158352729e+40
2.880286494404530189e+40
3.873279844037497162e+40
5.208612973158177549e+40
7.004308967089782924e+40
9.419080980226708150e+40
1.266635733044016009e+41
1.703314908031423199e+41
2.290541371411319722e+41
3.080217537090974537e+41
4.142138035249586137e+41
5.570161638488145683e+41
7.490503860085996197e+41
1.007289319177792462e+42
1.354557516049722634e+42
1.821548242561184365e+42
2.449536400750273856e+42
3.294026637778268212e+42
4.429659361027403973e+42
5.956807069334769414e+42
8.010446975680788164e+42
1.077208989428766015e+43
1.448582322441103279e+43
1.947988534547713282e+43
2.619567659176051148e+43
3.522677092966942487e+43
4.737138150432240944e+43
6.370290873762077051e+43
8.566481474157421003e+43
1.151982007748097281e+44
1.549133664326225012e+44
2.083205321116447922e+44
2.801400830726122474e+44
3.767195577560484575e+44
5.065952138920124831e+44
6.812458836337150176e+44
9.161069684616392163e+44
1.231937102047822178e+45
1.656648311833247606e+45
2.227776179596959383e+45
2.995800305711888163e+45
4.028588689991415331e+45
5.417417816494603960e+45
7.285031145808155005e+45
9.796434085798493736e+45
1.317356209870285974e+46
1.771484118258615816e+46
2.382142555522610888e+46
3.203295648723841176e+46
4.307487356497048922e+46
5.792215971718216015e+46
7.788692371712189536e+46
1.047322462741933765e+47
1.408281396150376886e+47
1.893638300769255006e+47
2.546216831433279484e+47
3.423608574640768245e+47
4.603303767763897595e+47
6.189321077005127963e+47
8.321564900278169771e+47
1.118826494581796633e+48
1.504196007330750098e+48
2.022225200927414951e+48
2.718606093824364790e+48
3.654621228830017677e+48
4.912544653842885487e+48
6.603285358286070223e+48
8.875195502936483550e+48
1.192782672934821602e+49
1.602987020838698250e+49
2.153961038317842656e+49
2.894083211317515202e+49
3.888322016424824488e+49
5.223178031307710017e+49
7.015796807180915786e+49
9.422513990521231938e+49
1.265182912550176651e+50
