4.622935467585797882e+21
6.308697843831509352e+21
8.697001837006559379e+21
1.177819636020806471e+22
1.615440005376556977e+22
2.191525035261411144e+22
2.993108334379664409e+22
4.074987507923458772e+22
5.524351784203736161e+22
7.655215827900418543e+22
1.039397451113853323e+23
1.410433214618192136e+23
1.933819624311302872e+23
2.616892076296711333e+23
3.608701839898103660e+23
4.890514894396558085e+23
6.724965262376337356e+23
9.116091844057608791e+23
1.235219270691643384e+24
1.691778773641180700e+24
2.290320063638198903e+24
3.134913078592021599e+24
4.256037088256762378e+24
5.793748407498738810e+24
7.889308642618778644e+24
1.070793476635109266e+25
1.496763359852180829e+25
2.109219997495799137e+25
3.039787310331556742e+25
4.440799914044312493e+25
6.459894559453506906e+25
9.255220764812550181e+25
1.297611655940358796e+26
1.808719916052998315e+26
2.502954172872365962e+26
3.470040382926197831e+26
4.819797035597376334e+26
6.697315083452968138e+26
9.416237905176925080e+26
1.315328576875907934e+27
1.840188476605418797e+27
2.583889991479618265e+27
3.604897163547356597e+27
5.073629554811888286e+27
6.974842666901341460e+27
9.621391782261484120e+27
1.324985000182705494e+28
1.808348641541201317e+28
2.472749634418020411e+28
3.336409929626882073e+28
4.526647266228726829e+28
6.125263700820914097e+28
8.307627388865107639e+28
1.126040515572677722e+29
1.516705414524212865e+29
2.068736217096752410e+29
2.779794866185533380e+29
3.742096235415972490e+29
5.075808077453961776e+29
6.846552821502592561e+29
9.335944603660747825e+29
1.250030833994341847e+30
1.687188532652103019e+30
2.278815924114227686e+30
3.057477122013545704e+30
4.143580493840836324e+30
5.561661730220683609e+30
7.492212824751624319e+30
1.002998152287527249e+31
1.344709101503222888e+31
1.809675377577514193e+31
2.424696696171656770e+31
3.284017771951053783e+31
4.386550424203309724e+31
5.881135962902745014e+31
7.950555377185699858e+31
1.063303803690726804e+32
1.440893275982838331e+32
1.926881576842392866e+32
2.590394310443013164e+32
3.477807289333481186e+32
4.675929219703757347e+32
6.302921376260106346e+32
8.467682853157083042e+32
1.139072264948021978e+33
1.531453820792192279e+33
2.057414078965062908e+33
2.764805392306389050e+33
3.717952679449996171e+33
5.011653413587235505e+33
6.740223690666107854e+33
9.052068790063779466e+33
1.217539479879929104e+34
1.637749833681374459e+34
2.201542771180831229e+34
2.959974540028849192e+34
3.983355823301009847e+34
5.355928443936944993e+34
7.194838192237612632e+34
9.677030490851024405e+34
1.301695163852651668e+35
1.750509714899454538e+35
2.355159848383356541e+35
3.166129663446703748e+35
4.258914582125758448e+35
5.724629445806427900e+35
7.700367815565347606e+35
1.035309047552928225e+36
1.392431067472662380e+36
1.872643877596073635e+36
2.517947704589335821e+36
3.385669055384973368e+36
4.553851969069881883e+36
6.123295625655002823e+36
8.234530534697331074e+36
1.107211445949809735e+37
1.489059654201658138e+37
2.002517108225814055e+37
2.692733177433398042e+37
3.621008094082606227e+37
4.869267503482827832e+37
6.548025410330719187e+37
8.805578115246756393e+37
1.184132059620464628e+38
1.592436575067274354e+38
2.141358118173174372e+38
2.879654347034569416e+38
3.872333806048158125e+38
5.207518373443488630e+38
7.002613684073031183e+38
9.416834739140520413e+38
1.266329922144801954e+39
1.702911849732023965e+39
2.290027386059837291e+39
3.079478325645783828e+39
4.141142893636284689e+39
5.568815041962031825e+39
7.488702813954815100e+39
1.007046352446895234e+40
1.354232284910924470e+40
1.821109272446529457e+40
2.448946831048694149e+40
3.293230872409537311e+40
4.428591854415058442e+40
5.955393180753787247e+40
8.008496025958103650e+40
1.076949565440892280e+41
1.448236235681082527e+41
1.947520741153728411e+41
2.618931780683236815e+41
3.521826173571823151e+41
4.736002809551592752e+41
6.368751601505802157e+41
8.564410686428222464e+41
1.151704352667399206e+42
1.548757112985888744e+42
2.082700851043547958e+42
2.800721338276734105e+42
3.766275383467827732e+42
5.064718871430184859e+42
6.810789177209259456e+42
9.158836941215731654e+42
1.231636492338499972e+43
1.656244493979923069e+43
2.227237348368664852e+43
2.995078751990901584e+43
4.027628879974907341e+43
5.416147629076660855e+43
7.283350600304763689e+43
9.794258754786323915e+43
1.317076612092773529e+44
1.771127375491741598e+44
2.381706117833846552e+44
3.202770277955823081e+44
4.306872253020632817e+44
5.791585523573652033e+44
7.788111222025155979e+44
1.047286556058781120e+45
1.408305334314741165e+45
1.893768634309991601e+45
2.546569160410820653e+45
3.424375184196750323e+45
4.604735475163764262e+45
6.191936078277889850e+45
8.326175467932673033e+45
1.119592312206313459e+46
1.505468164183575764e+46
2.024326561692561925e+46
2.721989291992001850e+46
3.660036570868149068e+46
4.921305031037238041e+46
6.617143907378153920e+46
8.897229613766336690e+46
1.196277060266919232e+47
1.608436870773665407e+47
2.162563626914355337e+47
2.907524395033754226e+47
3.909024790029791746e+47
5.255379946704379918e+47
7.065338151398477707e+47
